/*--------------------------------*- C++ -*----------------------------------*\
  =========                 |
  \\      /  F ield         | OpenFOAM: The Open Source CFD Toolbox
   \\    /   O peration     | Website:  https://openfoam.org
    \\  /    A nd           | Version:  6
     \\/     M anipulation  |
\*---------------------------------------------------------------------------*/
FoamFile
{
    version     2.0;
    format      ascii;
    class       labelList;
    note        "nPoints:5161  nCells:3701  nFaces:12028  nInternalFaces:9755";
    location    "constant/polyMesh";
    object      neighbour;
}
// * * * * * * * * * * * * * * * * * * * * * * * * * * * * * * * * * * * * * //


9755
(
93
647
648
91
97
654
94
98
658
659
96
102
104
663
664
665
105
108
673
674
675
107
112
114
680
681
682
115
120
687
688
689
118
123
125
694
695
696
128
701
702
132
138
140
706
707
708
135
144
147
3118
145
152
154
158
159
1339
1340
1341
3246
3247
3248
3249
149
158
161
716
717
159
166
168
172
1401
1402
1403
1404
1411
1412
1415
1416
3262
3263
3264
163
172
176
725
726
727
173
180
181
2946
2947
2948
178
186
191
736
737
738
196
197
199
3281
3283
188
196
3084
3085
3086
192
197
3127
3128
194
203
208
213
1487
1488
1489
1490
3113
3114
3116
3117
205
218
224
225
1520
1521
1524
1525
209
219
3138
3139
213
225
230
237
1551
1552
1554
1555
3311
3312
3314
3315
227
242
245
750
751
752
232
246
757
758
759
237
252
258
265
1642
1643
1645
1646
1647
1648
1650
1651
248
764
765
766
254
272
279
281
1610
1611
1614
1664
1665
1668
3361
3362
3363
260
273
285
771
772
773
265
279
286
294
1711
1712
1714
1715
1716
1717
1719
1720
275
785
786
787
281
317
324
325
327
288
318
330
331
333
1798
1799
1802
294
325
330
336
337
338
301
343
792
793
794
304
344
353
797
800
1772
1773
1776
1840
1841
1843
3053
3056
3057
3059
308
350
358
360
797
1851
1852
1855
1856
798
3150
3151
311
358
364
804
805
806
320
368
811
812
813
327
372
376
383
1912
1913
1914
1929
1930
1931
1932
1938
1939
1942
1943
333
377
3154
3155
3156
338
383
387
3161
3162
3163
346
391
395
396
398
403
405
3449
3450
3494
3495
396
403
800
817
818
820
360
401
817
825
826
827
365
412
818
832
833
834
367
409
414
3169
379
418
422
2953
2954
2955
385
421
423
839
840
841
388
424
845
390
427
429
3170
3171
3172
405
430
436
437
2096
2097
2100
2102
433
436
442
443
445
820
410
442
3173
415
443
451
454
457
2016
2017
2020
2110
2111
2114
2115
417
449
454
3175
3176
445
475
476
852
853
854
457
480
487
862
863
865
461
485
492
862
2129
2130
2133
2205
2206
2209
2210
463
497
863
2219
2220
2223
2224
465
491
496
870
871
872
472
509
514
882
883
884
520
524
865
889
890
891
492
523
526
533
2348
2349
2351
2352
3574
3575
3581
3582
3584
3585
497
527
3182
3183
499
533
540
543
2368
2369
2371
2372
3035
3036
3039
3040
501
538
543
2960
2961
2962
548
897
898
502
554
559
901
902
903
563
908
909
511
570
573
3688
3689
3690
517
577
580
917
918
535
581
921
922
541
582
926
927
545
585
590
930
931
932
550
588
592
3192
3193
3194
560
596
2966
566
599
601
938
939
940
571
602
945
946
579
606
608
952
953
954
594
614
616
964
965
966
600
619
971
972
973
610
621
978
979
980
629
636
637
989
634
639
640
990
91
97
1006
1007
1008
94
98
1013
1014
1015
92
95
99
3625
3626
3627
1024
1025
96
102
1029
1030
1031
1036
1037
1038
1043
1044
96
104
1048
1049
1050
1054
1055
1056
1061
1062
1063
1068
1069
1070
102
104
3653
3654
3655
105
108
1081
1082
1083
103
106
109
1076
1077
1078
1079
1080
1083
1085
1086
1097
1098
1100
3652
3655
3657
3658
1088
1089
1090
107
112
1097
1098
1099
1104
1105
1106
1111
1112
1113
107
114
1103
1106
1108
1109
1110
1112
1114
1116
1119
1120
1121
1122
1124
1126
1128
1124
1125
1126
1137
1138
1139
112
114
1132
1133
1134
1135
1136
1138
1140
1141
1147
1148
1151
1152
1155
1157
1159
115
120
1143
1144
113
116
121
1148
1149
1150
1155
1156
1157
118
123
1162
1163
1164
116
672
673
676
677
681
682
685
1168
1169
1171
1172
1175
1176
1177
118
125
1148
1150
1152
1174
1176
1178
1180
1181
1183
1185
1187
1193
1195
1197
119
127
1182
1183
1184
1193
1194
1195
131
1200
1201
1205
1206
123
125
1210
1211
1212
124
129
136
1217
1218
1219
1224
1225
1226
132
138
1231
1232
1233
129
686
687
690
691
695
696
699
1211
1212
1215
1237
1238
1241
1242
686
688
690
692
1237
1239
1241
1243
3205
3209
3211
131
1238
1239
1240
129
686
689
691
692
701
702
703
3207
3208
3209
3212
132
140
1217
1219
1221
1244
1246
1248
1250
1258
1260
1262
133
134
141
1245
1246
1247
1252
1253
1258
1259
1260
135
144
1265
1266
1267
135
147
138
140
1272
1273
1274
139
142
150
1279
1280
1281
1284
1285
1286
145
152
1289
1290
1291
142
700
701
703
704
707
708
711
1273
1274
1277
1298
1299
1302
1303
144
147
1299
1300
1301
143
145
154
1279
1281
1283
1305
1306
1307
1308
146
148
155
1298
1301
1303
1304
1309
1310
1311
1312
1325
1326
1328
2980
2981
2982
1314
1315
1316
705
708
710
711
1289
1291
1293
1320
1321
1322
1323
1324
1326
1328
1330
149
158
1325
1326
1327
3236
3237
149
161
2980
2981
1331
1332
152
154
1334
1335
1336
153
156
164
3240
3241
1338
1339
1340
159
166
3243
3244
155
156
712
713
714
715
1335
1336
1337
157
158
161
1342
1343
1344
1345
1362
1363
1364
157
159
168
1346
1347
1348
1349
3240
3241
3242
160
162
169
1350
1351
1352
1353
1366
1367
1369
160
716
717
718
1326
1327
1330
3250
3251
3252
3253
160
1354
1355
1356
1357
3243
3244
3245
163
172
1358
1359
1360
1361
1373
1374
1376
1362
1363
163
176
1366
1367
1368
1373
1374
1375
166
168
3259
3260
167
170
179
1379
1380
3262
3263
173
180
3265
3266
169
720
721
722
723
1390
1391
1394
1395
3259
3260
3261
171
172
176
1382
1383
1384
1385
1423
1425
1427
173
181
1391
1392
1393
174
177
182
1390
1393
1395
1396
1397
1398
1399
1400
1430
1431
1433
174
725
727
729
1405
1406
1408
1409
1412
1413
1414
178
186
1411
1414
1416
1417
1437
1438
1440
2983
2986
2987
2988
187
2984
2985
2986
1423
1424
1425
178
191
1430
1431
1432
1437
1438
1439
180
181
3274
3275
3276
182
183
731
732
733
734
1392
1393
1396
2947
2948
2951
3274
185
186
191
1443
1444
1446
1448
1450
1452
1454
185
188
196
3068
3070
3072
3280
3281
3282
3283
185
192
197
1443
1445
1447
1448
3280
3283
189
193
198
189
736
738
740
2945
2947
2949
2951
3060
3062
3064
3065
3061
3062
3063
3068
3069
3070
194
203
3067
3070
3072
3073
3090
3093
3094
3095
195
204
3091
3092
3093
1450
1451
1452
193
3122
3125
3127
3129
194
208
1449
1452
1454
1455
3287
3288
3289
3290
735
738
740
741
1456
1457
1458
1459
3097
3099
3100
3101
212
3098
3099
198
200
3085
3086
3089
198
1460
1461
1464
1465
3127
3128
3130
202
203
208
200
1460
1462
1464
1466
3132
3133
3134
202
205
218
209
219
1461
1462
1463
206
210
220
1460
1463
1465
1466
206
3083
3085
3087
3089
3106
3108
3110
3111
212
3107
3108
3109
206
3083
3086
3088
3089
3295
3296
3297
3298
213
225
1467
1470
1471
1472
214
226
1468
1469
1470
210
1474
1475
1476
1477
3126
3127
3129
3130
1479
1480
213
230
1478
1480
1481
1482
1483
1484
1485
1486
215
231
1484
3114
3115
1491
1493
1494
1495
1496
1497
1498
1499
235
1492
1493
236
1497
217
221
240
3302
227
242
3303
220
1506
1507
1510
1511
3131
3132
3134
3135
220
1462
1463
1466
1513
1514
1517
1518
3131
3133
3134
3136
3138
3139
3141
223
225
230
227
245
1507
1508
1509
232
246
1514
1515
1516
228
233
247
1506
1509
1511
1512
1513
1516
1518
1519
226
3296
3298
3304
3305
226
228
235
1469
1470
1472
1527
1528
1531
1533
3312
3313
3315
1521
1522
1523
237
252
1520
1523
1525
1526
1527
1530
1531
1532
238
253
1528
1529
1530
233
1534
1535
1537
1538
3137
3138
3140
3141
236
1535
1536
1540
1541
1542
237
258
1539
1541
1543
1545
1546
1548
1549
1550
239
259
1547
1548
3312
3313
1552
1553
1556
1558
1559
1560
1561
1563
1564
1565
263
1557
1558
264
1562
1563
242
245
3320
3321
243
249
268
3323
3324
3326
254
3327
250
257
270
3328
3329
1567
1568
1569
1574
1575
1576
251
252
258
1566
1568
1570
1572
1573
1575
1577
1579
1581
1582
1583
254
272
1588
1589
1590
260
273
1595
1596
1597
255
261
274
1587
1590
1592
1593
1594
1597
1599
1600
255
749
751
753
755
1601
1603
1605
1606
263
1602
1603
1604
1609
1610
1611
265
279
1608
1611
1613
1614
1615
1618
1619
1620
266
280
1616
1617
1618
260
285
261
756
757
760
761
1622
1623
1625
1626
264
1623
1624
1629
1630
1631
265
286
1628
1630
1632
1634
1635
1637
1639
1640
267
287
1636
1637
1638
1643
1644
1648
1649
1652
1654
1655
1656
1657
1659
1660
1661
292
1653
1654
293
1658
1659
272
3345
3346
276
312
3350
3351
273
285
3353
3354
277
315
3358
3359
1663
1664
1665
1670
1671
1672
278
279
286
1662
1664
1666
1668
1669
1671
1673
1675
1677
1678
1679
281
317
1684
1685
1686
288
318
1691
1692
1693
283
289
319
1683
1686
1688
1689
1690
1693
1695
1696
283
1697
1699
1701
1702
292
1698
1699
1700
282
283
1684
1686
1688
284
324
3361
3363
284
294
325
295
326
1697
1700
1702
1703
3372
3373
3374
3364
289
770
771
774
775
1704
1705
1708
1709
293
1705
1706
1707
289
290
770
773
775
776
1691
1693
1695
291
294
330
291
331
3365
3368
296
332
1704
1707
1709
1710
3377
3378
3379
1712
1713
1717
1718
3371
3373
3374
3375
3376
3378
3379
3380
336
3372
3373
337
3377
3378
299
303
341
301
343
1736
1737
1738
304
344
1742
1743
1744
302
305
345
1727
1729
1730
1731
1735
1738
1739
1740
1741
1744
1746
1747
3381
3382
3384
1748
1749
1750
308
350
3381
3382
3383
304
353
3386
3387
1771
1772
1773
307
308
797
1753
1755
1757
1758
1770
1772
1774
1776
798
3391
3392
3393
309
310
799
1764
1766
1768
1769
1781
1782
1784
3390
3393
3395
3396
309
3381
3383
3397
3398
311
358
1788
1789
1791
3399
3400
311
364
1781
1782
1783
1788
1789
1790
317
3405
3406
314
321
369
3002
3003
327
372
3408
3409
318
3413
3414
322
374
3416
3417
319
321
784
785
788
789
1685
1686
1689
3405
3406
3407
1797
1798
1799
323
325
330
1796
1798
1800
1802
1804
1805
1806
323
327
376
1803
1805
1807
1809
3002
3003
3004
323
333
377
1796
1799
1801
1802
1803
1806
1808
1809
1916
1917
1919
3416
3417
3418
328
334
378
326
3419
3421
3423
326
328
329
336
328
3408
3409
3410
3419
3420
3421
3422
329
338
383
339
384
1934
1935
1936
3419
3422
3423
332
334
332
3424
3426
337
3428
3429
3432
3434
334
3154
3155
3157
3424
3425
3426
3427
338
387
3428
3430
3432
3433
340
3429
3430
3431
339
3373
3375
3378
3380
3435
3436
3438
339
3161
3162
3164
3435
3437
3438
3439
3488
3489
3436
3437
344
353
1810
1811
1814
1815
1839
1841
1842
348
355
392
1811
1812
1813
1818
1819
1820
345
348
1743
1744
1747
3145
3146
3147
3148
349
350
797
1817
1819
1821
1822
347
348
3145
3148
3149
3440
3441
349
395
1817
1820
1822
1823
3444
3445
3446
349
396
800
1811
1812
1814
352
397
801
352
791
793
795
796
1826
1828
1830
1832
3382
3383
3385
357
1827
1828
1829
360
401
1833
1835
1836
1837
1993
1994
1996
3443
3445
3446
3447
1839
1840
1841
798
3006
3007
403
800
1845
1846
1847
363
404
802
3452
3453
3454
1852
1853
1854
799
804
806
808
1858
1860
1862
1864
1872
1873
1876
1877
1859
1860
1861
801
825
826
828
1865
1867
1869
1871
1872
1874
1876
1878
1866
1867
1868
367
409
803
1873
1874
1875
365
412
799
1886
1887
1888
802
1892
1893
367
414
803
1896
1897
3457
3458
3460
3461
372
376
1903
1904
379
418
1906
1907
373
380
419
1909
1910
1912
1913
385
421
3463
3464
377
3468
3469
379
422
3471
3472
378
380
810
811
814
815
1903
1904
1905
1916
1917
1918
382
383
387
1915
1917
1919
1921
1923
1924
1925
382
385
423
1909
1910
1911
1922
1924
1926
1928
1939
1941
1943
382
388
424
1915
1918
1920
1921
1922
1925
1927
1928
3010
3011
3013
3479
3480
3481
386
389
425
1949
1950
1952
1962
1963
1965
1933
1935
1936
1937
1948
1949
1952
1953
3161
3163
3165
1934
1935
1939
1940
1941
390
427
1949
1950
1951
1957
1958
1959
1960
1961
1962
1965
1966
3153
3154
3157
3158
3162
3163
3166
3479
3480
390
429
1962
1963
1964
1972
1973
1974
1978
1979
1982
1983
3440
3496
3498
396
403
1979
1980
1981
405
430
1985
1988
1990
1991
3493
3495
399
406
431
1986
1987
1988
397
3167
3168
397
399
1979
1981
1983
400
401
817
1993
1995
1997
399
3497
3498
400
433
820
1986
1987
1989
402
434
821
3501
3502
1993
1994
1995
410
3501
404
406
1846
1847
1850
1980
1981
1984
408
412
818
3453
3454
3456
3514
3515
406
407
408
436
820
1986
1988
1990
408
437
413
438
822
819
3507
3508
3509
821
2000
2001
417
449
823
2005
2006
3514
415
451
2015
2017
2019
3514
3515
819
2009
2010
822
2015
2016
2017
417
454
823
2022
2023
2024
2031
2032
2033
2034
421
423
2036
2037
426
467
2042
2043
2045
3519
425
840
841
844
2036
2037
2038
2053
2054
2057
2058
2952
2953
2956
2957
3010
3011
3012
427
429
2065
2066
2068
2069
2072
2074
2076
2081
2083
2085
3009
3011
3013
3015
428
471
2054
2055
2056
2072
2073
2074
2078
2079
2081
2082
2083
431
3526
433
436
1987
1988
1991
2086
2087
2089
2090
435
439
474
2087
2088
434
2091
2092
2094
2095
442
3528
445
475
2092
2093
438
439
438
2103
2104
2107
2109
441
443
451
441
445
476
2087
2088
2090
2096
2098
2100
2101
2181
2182
2184
2104
2105
2106
447
452
477
2103
2106
2107
2108
444
446
821
3173
3174
444
447
822
448
449
454
823
3529
3530
3531
446
447
852
853
855
2092
2093
2095
448
479
3527
3528
448
457
480
450
458
481
3529
3530
461
485
2128
2129
2131
3530
3531
452
3532
3533
453
457
487
3534
3535
3536
3537
459
488
3533
458
2023
2024
2027
2117
2118
2121
2122
3175
3176
3177
2111
2112
2113
2118
2119
2120
458
459
460
461
862
2128
2130
2132
460
463
863
2110
2113
2115
2116
462
464
864
2117
2120
2122
2123
2135
2136
2138
2128
2129
2130
465
491
2135
2136
2137
464
465
496
2220
2221
2223
3538
3538
468
470
506
471
2147
472
509
2151
2152
2153
473
510
2158
2159
2160
472
514
2164
2167
2168
2169
516
2174
2175
2176
475
476
3539
3540
2181
2182
2183
480
487
2180
2182
2184
2186
2187
2188
2189
2190
2191
2192
2195
2196
483
489
519
2192
2193
2194
481
851
852
855
856
481
483
851
853
855
857
484
485
862
483
851
854
856
857
3542
3543
484
520
865
2192
2193
2195
2317
2318
2320
486
521
866
2322
2323
2325
486
492
523
3574
488
858
859
860
861
2198
2199
2202
2203
490
863
524
865
2199
2200
2201
525
867
2198
2201
2203
2204
3578
864
2206
2207
2208
493
866
3548
3549
3551
3552
499
533
868
2205
2208
2210
2211
2212
2215
2217
2218
495
500
534
2213
2214
2215
501
538
864
2220
2221
2222
498
867
3182
3184
499
540
868
2219
2222
2224
2225
3553
3554
869
872
873
874
2226
2228
2230
2232
2233
2234
2235
2236
501
543
2227
2228
2229
2240
3558
3559
563
2241
2242
505
507
565
2245
2246
2247
511
570
2252
2253
2254
509
514
2260
2261
511
573
2264
2265
2266
512
515
574
2271
2272
2273
3632
3633
3634
516
2278
2279
2280
3674
3675
3676
517
577
3660
3661
3662
518
578
2291
2292
2293
2297
517
580
3569
2299
2300
2301
2306
2307
2308
2313
2314
520
524
2317
2318
2319
523
526
2322
2323
2324
530
3571
3572
3574
3575
3576
527
3578
3579
528
866
888
889
892
893
2323
2324
2326
2334
2335
2338
2339
528
867
888
890
892
894
2341
2342
2345
2346
3182
3183
3185
3578
3579
3580
532
533
540
868
2328
2329
2330
535
581
2335
2336
2337
541
582
2342
2343
2344
536
542
583
2334
2337
2339
2340
2341
2344
2346
2347
3029
3030
3032
3681
3682
3684
534
536
538
543
2214
2215
2218
2348
2350
2351
2353
2354
2355
2358
2359
3019
3020
3021
3582
3583
545
585
2354
2357
2359
2360
2539
2540
2542
3036
3037
3039
3581
3583
3585
3586
539
546
586
2355
2356
2357
3019
3020
550
588
2361
2362
2363
3028
3029
3032
3033
3181
3182
3184
3185
3590
3591
3024
3025
545
590
3029
3030
3031
546
2228
2229
2232
2374
2375
2378
2379
2961
2962
2965
548
2375
2376
2377
3036
3037
3038
550
592
2355
2357
2359
2385
2387
2389
2391
2593
2594
2596
3035
3037
3039
3041
552
558
593
2386
2387
2388
2393
2394
2395
554
559
2400
2401
2402
552
2361
2363
2365
2406
2408
2410
2412
2959
2962
2964
2965
3192
3193
3195
595
2407
2408
2409
553
560
596
2386
2387
2389
2392
2395
2397
2398
2445
2446
2447
3045
3046
3047
556
561
597
2399
2402
2404
2405
2406
2409
2411
2412
2613
2614
2616
2414
2415
2416
563
2421
2422
566
599
2413
2416
2418
2419
2424
2425
2426
2427
2428
2430
2431
2432
2632
2633
2635
567
2429
2430
560
3043
2434
2435
2436
2445
2446
566
601
2433
2436
2438
2439
2444
2446
2447
2448
2449
2451
2452
2453
3620
3621
3623
568
2450
2451
565
567
900
901
904
905
908
909
911
2241
2242
2243
2421
2422
2423
3599
3600
3601
569
570
573
2246
2247
2250
2455
2457
2459
3598
3600
3602
3604
3695
3697
3699
567
568
900
903
905
906
938
939
941
569
571
602
2429
2430
2431
2641
2642
2644
3608
3609
3610
569
575
603
2450
2451
2452
2476
2477
2478
2648
2649
2650
3598
3601
3603
3604
572
576
604
2462
2463
2465
2481
2482
2484
3639
3640
3642
2455
2456
2457
3608
3609
579
606
2462
2463
2464
3695
3696
3697
577
580
2469
2470
2471
2476
2477
579
608
2481
2482
2483
2496
2497
2498
2503
2504
2508
2509
2510
2520
2521
2522
3614
3615
3616
585
590
3681
3682
3683
587
591
612
3667
3668
3669
2539
2540
2541
588
592
2545
2546
2547
594
614
2555
2556
2557
2561
2562
2563
598
2568
2569
2572
2573
2574
594
616
2583
2584
2585
2593
2594
2595
596
2598
2600
2601
2602
2608
2609
3045
3046
599
601
2613
2614
2615
600
619
2625
2626
2627
2632
2633
2634
2637
3620
3621
3622
2641
2642
2643
2648
2649
606
608
3639
3640
3641
607
609
2655
2656
2660
2661
2662
610
621
2673
2674
2675
2683
2684
2685
610
2688
2694
2695
2696
622
2701
2702
2703
614
616
3646
3647
3648
615
617
2731
2732
2733
2738
2739
2740
618
2746
2747
2748
2753
2754
2755
618
2766
2767
2768
2779
2780
2781
2788
2789
2790
624
2815
2816
2819
2822
2823
2824
632
2846
2847
627
2867
2868
2869
626
628
635
2874
2875
2876
629
636
2882
2883
3050
3051
629
637
2885
2887
631
633
638
2888
2889
634
639
2892
2893
2894
634
640
2909
2910
2911
636
637
2920
2921
2925
2926
2930
639
640
2932
2933
2936
2937
2938
2939
642
643
991
995
999
993
1002
997
1003
646
1035
1042
646
996
1043
998
1039
1045
650
1037
649
650
1020
1038
1054
1022
1057
1040
1058
652
1060
1067
1074
1004
1064
1071
655
656
1087
655
656
1025
1062
1088
1027
1091
1066
1092
1095
660
661
1103
1110
660
661
1044
1069
1104
661
1070
1111
1046
1107
1073
1108
1114
666
667
668
1123
666
667
1055
1089
666
668
1056
1105
2973
667
668
1090
1106
1124
1059
1093
1127
1109
1128
2974
1075
1134
1140
671
1094
1133
1155
1135
1159
2979
676
677
678
1174
3202
676
677
1112
1138
676
678
1113
677
678
1139
1175
1116
3203
1141
1178
1179
683
684
685
1188
1192
683
684
1125
1156
683
685
1126
1189
684
685
1157
1193
1129
1160
1196
1191
1197
690
691
692
690
691
1176
1205
690
692
1177
691
692
1206
1180
1208
697
698
699
1251
1257
3213
697
698
1194
1225
3214
697
699
1195
1252
698
699
1226
1258
1198
1254
3215
1229
1261
3216
1255
1262
703
704
1294
1305
703
704
3222
703
1296
1307
3223
709
710
711
1313
3226
709
710
1259
1285
3227
709
711
1260
1314
710
711
1286
1263
1317
3228
1288
3229
1318
714
715
1342
1346
714
715
1306
3239
1308
1344
1348
718
1332
718
719
1363
1373
1376
3256
1365
1377
722
723
1382
1386
722
723
1347
1349
1384
1388
728
729
730
1436
728
729
1374
3271
728
730
1375
1424
729
730
1425
1437
1378
1440
3272
1428
1441
733
734
1443
3280
733
734
1387
1389
1446
3282
739
740
741
3078
3291
739
740
1438
3079
739
741
1439
1451
3292
740
741
1452
1442
3081
3293
3082
1455
3294
746
747
748
1566
1573
1580
746
747
1501
1567
746
748
1502
1574
747
748
1581
1505
1570
1577
1571
1584
1578
1585
753
754
755
1608
3331
753
754
1522
753
755
1523
1568
754
755
1569
1609
3326
1526
3332
1612
1572
1613
760
761
762
1628
3335
760
761
1541
1575
760
762
1542
761
762
1576
1629
1545
3336
1579
1632
1633
767
768
769
1662
1669
1676
767
768
1582
1663
3343
767
769
1583
1670
768
769
1677
1586
1666
1673
1667
1680
3344
1674
1681
774
775
776
3365
774
775
1630
1671
774
776
1631
3366
775
776
1672
3364
1634
3367
1675
3368
780
781
782
1753
1759
1770
780
781
1724
1754
781
782
1725
1771
1756
1761
1726
1757
1774
1762
1775
1763
1778
3402
788
789
790
1796
1803
788
789
1678
3403
788
790
1679
1797
3411
789
790
1804
1682
1800
1807
3404
1801
1808
3412
795
796
1824
3443
795
1749
795
796
1750
1819
796
1820
3444
1752
1825
1822
3446
799
801
3053
3054
3055
803
1886
1888
1890
3054
3056
3058
3059
801
802
1845
1847
1849
803
817
803
818
1892
1893
1894
3055
3057
3058
3059
3452
3453
3455
819
1873
1874
1876
1896
1897
1898
807
808
1789
1900
807
809
1790
1887
808
809
1888
3457
1793
1901
1902
3459
1891
814
815
816
1915
1922
814
815
1805
3460
814
816
1806
1916
3466
815
816
1923
3461
1809
1919
1926
3462
1920
1927
3467
819
821
826
827
830
819
822
832
834
836
823
2009
2010
2012
3507
3509
3511
821
822
823
2000
2001
2003
823
2015
2016
2018
2005
2006
2007
2022
2023
2025
828
829
830
1999
3506
828
829
1994
3504
828
830
3507
829
830
1995
2000
3505
3510
1998
2002
2003
3511
835
836
837
2008
2014
835
836
1893
2009
835
837
836
837
2015
3514
1895
2011
2012
2018
2019
842
843
844
2071
842
843
1940
842
844
1941
2072
843
844
2045
2078
1944
2075
2076
2080
846
847
2081
3011
3480
2084
3483
2085
3015
850
2049
2141
2164
850
2142
2167
2145
2165
2170
855
856
857
855
856
3540
855
857
2182
856
857
2183
2186
860
861
860
861
2188
3535
3537
2190
3018
864
866
864
867
868
2206
2208
2210
2220
2222
2224
866
867
889
890
892
2199
2201
2203
868
868
873
874
3555
873
2207
874
2221
873
874
2208
2222
2211
3556
2225
878
879
880
3565
3631
3673
878
880
3632
879
880
2258
3674
3566
3635
3567
3677
2259
3636
3678
885
886
887
2298
2305
885
886
2168
2299
3633
885
887
2169
886
887
2297
2306
3634
2172
2302
2303
2309
3637
2310
892
893
894
2327
892
893
2318
892
894
3576
893
894
2319
2328
2321
2331
2332
3577
2418
2426
3597
899
2433
2444
899
2394
2434
899
2395
2445
3042
2398
2438
2447
904
905
906
3598
904
905
2415
3558
904
906
2435
3559
3599
905
906
2416
2436
3560
3602
2419
2439
3603
910
911
2454
3607
910
911
2251
2455
911
3608
2458
2459
3610
915
916
2475
3694
915
916
3564
3600
3695
916
2476
3601
3698
2478
3604
3699
919
2307
2497
3612
919
2498
2501
923
924
2538
2549
923
924
2521
2539
3583
924
2522
2550
2542
3586
2525
2543
2552
928
929
2571
2578
928
929
2572
3025
3615
929
3616
2575
3027
2576
2580
3619
933
934
2540
2593
3037
933
935
2573
3038
934
935
2541
2574
2600
2596
3041
2544
2603
2577
2604
2425
2609
2632
941
942
943
2640
2647
941
942
2633
2641
941
943
2648
3621
942
943
2634
3622
2644
2650
2645
947
948
2659
2670
947
948
2642
2660
3609
948
2643
2663
3611
2646
2664
2671
950
2477
2649
2683
2651
2686
955
956
2691
2693
955
2509
2661
956
2510
2684
955
956
2662
2685
2694
2665
2692
2697
2687
2698
958
2551
2715
2738
2717
2742
2744
961
962
2752
2763
961
962
2579
2719
2753
2581
2756
2721
2757
2764
967
968
969
2775
2778
967
968
2601
2739
967
969
2602
2754
2776
968
969
2740
2755
2779
2605
2743
2782
2758
2777
2783
974
975
976
2795
2796
2801
974
975
974
976
2637
2789
2797
975
976
2790
2802
2798
2803
2792
2799
2804
981
982
983
2821
2828
2840
981
982
2695
2819
2822
981
983
2696
2829
982
983
2699
2825
2831
2826
2842
2832
2843
2805
2863
2865
987
988
2891
2898
2904
987
988
2841
2892
2844
2895
2899
2896
2906
2926
2930
2935
2936
2939
993
994
1005
3198
993
994
1006
2943
1009
1010
2944
3200
997
998
1012
3198
997
998
1013
1016
1017
3201
1002
1003
1004
1005
1012
1002
1004
1007
1003
1004
1014
1009
1016
1011
1018
1009
1010
1011
3624
1009
1010
1024
1009
1011
1061
1010
1011
1025
1062
3626
1026
3628
1064
3630
1016
1017
1018
3624
1016
1017
1043
1016
1018
1068
1017
1018
1044
1069
3627
1045
3629
1071
3630
1021
1022
1028
2942
1021
1022
1029
3199
1032
2944
3200
1033
1026
1027
1028
2942
1026
2943
1026
1027
1030
1032
2944
1034
1032
1033
1034
1032
1033
1054
3625
1032
1034
1088
3626
1033
1034
1055
1089
3628
1057
1091
1039
1040
1041
1047
1039
1041
1040
1041
1039
1040
1048
3199
1051
3201
1052
1045
1046
1047
1045
1045
1046
1049
1051
1053
1051
1052
1053
1051
1052
1054
3625
1051
1053
1104
3627
1052
1053
1056
1105
2967
3629
1058
1107
2968
1057
1058
1057
1059
1058
1059
1064
1065
1066
1076
3652
1064
1065
1064
1066
3653
1065
1066
3656
1078
3657
1071
1072
1073
1080
3652
1071
1072
1071
1073
3654
1072
1073
1081
3656
1084
1085
3658
1075
1076
1080
1079
1086
1078
1079
1078
1079
1094
1133
1095
1134
1084
1085
1086
1084
1085
1111
1084
1086
1137
1085
1086
1112
1138
1114
1140
1091
1092
1093
1096
1091
1092
3653
1091
1093
1092
1093
1097
3655
1100
3657
1101
1095
1098
1100
1100
1101
1102
1100
1101
1124
1100
1102
1155
1101
1102
1125
1156
1127
1158
1107
1108
1109
2969
1107
1108
3654
1107
1109
2970
1108
1109
3655
2971
3658
2972
1114
1115
1116
1117
1114
1115
1114
1116
1115
1116
1118
1118
1119
1122
3203
1121
1122
2969
1121
1122
1130
1169
1131
2972
1171
1127
1128
1129
1127
1128
1127
1129
1128
1129
1130
1131
1131
1189
2974
1134
1135
2975
1134
1135
2977
1140
1141
1142
1140
1140
1141
1141
1143
1145
1145
1146
1147
1145
1175
1145
1146
1150
1176
1205
1152
1178
1153
1207
1151
1152
1153
2975
1151
1152
1162
1151
1153
1163
1210
2976
1152
1153
1211
1165
2977
1213
2978
1158
1159
1160
1161
1158
1159
1158
1160
1159
1160
1162
1165
1166
1165
1166
1167
1165
1166
1193
1165
1167
1224
1166
1167
1194
1225
2979
1196
1227
1171
1172
1173
1181
3202
1171
1172
1189
1172
1173
1182
1190
3203
1185
1191
1186
1178
1179
1180
3204
1178
1179
1178
1180
1179
1180
3205
1185
1186
1187
3204
1185
1186
1200
1185
1187
1201
1238
1186
1187
1239
1202
1241
3205
1191
1199
1191
1191
1200
1202
1196
1197
1198
1199
1196
1197
1196
1198
1197
1198
1201
1202
1203
1202
1203
1202
1202
1203
1252
1254
1207
1208
1209
3206
1207
1208
1211
1208
1213
1215
3208
1213
1214
1215
1216
1213
1214
1224
1213
1215
1214
1215
1217
1226
1220
1228
1221
1220
1221
1222
3206
1220
1221
1231
1220
1222
1232
1272
1221
1222
1273
3207
1234
3208
1275
1227
1228
1229
1230
1227
1228
1227
1229
1228
1229
1231
1234
1235
1234
1235
1236
1234
1235
1258
1234
1236
1284
1235
1236
1259
1285
1261
1241
1242
1243
1244
1241
1242
1252
1241
1243
1242
1243
1245
1253
1248
1255
1249
1248
1249
1250
3209
1248
1249
1265
1248
1250
1266
1299
1249
1250
1300
3210
1268
3211
1302
3212
1254
1255
1256
1264
1254
1255
1255
1256
1265
1268
1269
1261
1262
1263
1264
3217
1261
1262
1261
1263
3218
1262
1263
1266
3219
1268
1270
3220
1268
1269
1270
1268
1269
1268
1270
1314
1269
1270
1315
1317
3221
1275
1276
1277
1278
1275
1276
1284
1275
1277
3222
1276
1277
1279
1286
1282
1287
1283
3223
1282
1283
1282
1283
1289
1282
1290
1334
1283
1335
3224
1292
3225
1287
1288
1287
1288
1289
1292
1293
1292
1293
1292
1338
1293
1339
1296
1297
1298
1309
1296
1297
1300
3210
1302
3212
1304
1311
1302
1303
1304
1302
1303
1314
1302
1304
3236
1303
1304
1316
3237
1318
3238
1307
1308
1309
1307
1308
3224
3225
1312
1311
1312
1311
1312
1343
1344
1317
1318
1319
1324
3230
1317
1318
1317
1319
1318
1319
1325
3118
3231
1328
1329
3119
1322
1323
3226
3232
1322
1323
3247
3229
3235
3248
1328
1329
1330
3232
1328
1329
1331
1328
1330
1329
1330
1332
3233
1333
3234
3235
1333
2980
3118
1333
3119
1338
1337
3239
1337
1340
3240
3242
1341
1341
3243
3245
1344
1345
1350
1344
1345
1352
1348
1349
1350
1348
1349
1353
1352
1353
1352
1353
1383
3254
3255
1384
1356
1357
1358
3246
1356
1357
1402
3249
1361
1403
1360
1361
3250
1360
1361
1406
3257
3253
3258
1408
1364
2981
1364
1365
1366
1369
1370
1369
1370
1373
1369
1371
1423
3254
1370
1371
1375
1424
3255
1377
1426
1376
1377
1378
1376
1377
1376
1378
3257
1377
1378
3258
1381
1391
3260
3265
1381
1392
1394
3261
1384
1385
1397
1384
1385
3120
1399
3121
1388
1389
1390
1397
1388
1389
1392
1394
1396
1400
1394
1395
1396
1394
1395
1412
1394
1396
1395
1396
1414
1416
1399
1400
1399
1400
1444
3268
3269
1446
1403
1404
1405
1418
1403
1404
1408
1420
1408
1409
1410
2983
1408
1409
3271
1409
1410
2984
2987
3272
2989
1415
1416
1417
1418
1415
1416
3265
1415
1417
1419
2946
3266
1416
1417
2947
1420
3267
1421
2949
1420
1421
2983
1420
1421
2995
2988
2996
1426
1427
1428
1429
1426
1427
3120
1426
1428
1427
1428
1430
1433
3121
1434
1433
1434
1435
1433
1434
1437
1433
1435
1450
3268
1434
1435
1439
1451
3270
3269
1441
1453
1440
1441
1442
2990
1440
1441
1440
1442
2991
1441
1442
3273
2992
2993
1446
1447
1448
1446
1448
3123
1447
1448
3125
1453
1454
1455
3122
3284
1453
1454
3123
1453
1455
3285
1454
1455
3124
3125
3286
1458
1459
3291
1458
1459
1488
3288
3289
3294
1489
1464
1465
1466
1464
1465
1479
1464
1466
1465
1466
1480
1481
1471
1472
1473
3106
3295
1471
1473
1492
3109
1472
1473
1471
1472
1493
1494
3111
3298
3112
1476
1477
1483
1476
1477
1488
3288
3290
1485
1490
1481
1482
3126
1481
3128
1481
1482
3138
3130
3140
3299
1485
1486
1485
1486
1497
1535
1498
1537
3299
1489
1490
1496
1489
1490
1498
1494
1495
3113
3300
1494
3115
1494
1495
3312
3117
3301
3314
1498
1499
3300
1498
1499
1552
1554
3301
1503
1504
1505
1506
1513
3131
1503
1505
1508
1504
1505
1515
1510
3135
1517
3136
1512
1519
1510
1511
1512
1510
1511
1521
3302
1510
1512
1567
1511
1512
1523
1568
1525
1570
1517
1518
1519
1517
1518
1540
1517
1519
1574
1518
1519
1541
1575
1543
1577
1524
1525
1526
3304
1524
1525
3303
1524
1526
1525
1526
3305
3306
1531
1532
1533
3304
1531
1533
1557
1532
1533
1602
1531
1532
1558
1603
1559
1605
3306
1537
1538
1546
3307
1537
1538
1552
1538
1547
1553
3308
1549
1555
1543
1544
1545
3137
3309
1543
1544
3139
1543
1545
1544
1545
3141
3142
3310
1549
1550
3309
1549
1562
1549
1550
1563
1623
1564
1625
3310
1554
1555
1561
3316
1554
1555
1555
1562
3317
1564
1559
1560
3311
3318
1559
3313
1559
1560
1643
3315
1645
3319
1564
1565
3318
1564
1564
1565
1648
1650
3319
1570
1571
1572
1587
1570
1571
3320
1570
1572
1571
1572
1588
3321
1591
3322
1592
1577
1578
1579
1594
1577
1578
1577
1579
1578
1579
1595
1598
1599
1584
1585
1586
1587
1594
1584
1585
1584
1586
1589
1585
1586
1596
1591
1598
1593
1600
1591
1592
1593
1591
1592
1609
3323
1591
1593
1663
3324
1592
1593
1611
1664
3325
1613
1666
1598
1599
1600
1598
1599
1629
3328
1598
1600
1670
3329
1599
1600
1630
1671
3330
1632
1673
1605
1606
1607
1615
3331
1605
1607
1605
1606
1643
1606
1607
1616
1644
3332
1619
1646
1621
1612
1613
1614
3333
1612
1613
3327
1612
1614
1613
1614
3334
1619
1620
1621
3333
1619
1621
1653
1620
1621
1698
1619
1620
1654
1699
1655
1701
3334
1625
1626
1627
1635
3335
1625
1626
1648
1626
1627
1636
1649
3336
1639
1651
1641
1632
1633
1634
3337
1632
1633
1632
1634
1633
1634
3338
1639
1640
1641
3337
1639
1641
1658
1639
1640
1659
1705
1640
1641
1706
1660
1708
3338
1645
1646
1652
3339
1645
1646
1646
1653
3340
1655
1650
1651
1657
3339
1650
1651
1651
1658
3340
1660
1655
1656
3341
1655
1655
1656
1712
1714
3342
1660
1661
3341
1660
1660
1661
1717
1719
3342
1666
1667
1668
1683
1666
1667
3345
1666
1668
1667
1668
1684
3346
1687
3347
1688
1673
1674
1675
1690
1673
1674
3353
1673
1675
1674
1675
1691
3354
1694
3355
1695
1680
1681
1682
1683
1690
1680
1681
1680
1682
1685
3348
1681
1682
1692
3356
1687
3349
1694
3357
1689
1696
1687
1688
1689
1687
1688
3350
1687
1689
3351
1688
1689
3352
1694
1695
1696
1694
1695
3358
1694
1696
1797
3359
1695
1696
1798
3360
1800
1701
1702
1703
3361
1701
1703
1701
1702
1712
1702
1703
1713
3362
1715
1708
1709
1710
3365
1708
1709
1717
1708
1710
1709
1710
1718
3367
1720
1714
1715
3369
3371
1714
1715
1715
3372
3370
3374
1719
1720
3369
3376
1719
1720
1720
3377
3370
3379
1722
1727
1735
1730
1739
1726
1727
1741
1726
1728
1726
1742
1731
1746
1730
1731
1731
1754
1730
1731
1755
1757
1734
1735
1741
1734
1743
3146
1740
1747
3147
1739
1740
1739
1748
1740
1818
1739
1740
1750
1819
1751
1821
1745
1746
1747
1745
1746
1771
1745
1747
1746
1747
1772
1774
1751
1752
1751
1752
3382
3384
3385
1756
1757
1758
1764
1756
1757
1757
1758
1767
1768
1761
1762
1763
1764
3390
1761
1763
1765
1767
3394
1769
3395
1767
1768
1769
1767
1769
1768
1769
1777
1778
1774
1775
1776
3390
1774
1775
3386
1774
1776
1775
1776
3387
3392
3388
3394
3396
1778
1779
1781
3143
1784
1785
3144
1784
1785
1786
1784
1785
1788
1784
1786
1886
3401
1785
1786
1790
1887
3402
1792
1889
1791
1792
1793
1791
1792
3143
1791
1793
2998
1792
1793
3144
2999
1795
1806
3417
3466
1808
3412
3418
1800
1801
1802
1800
1801
3413
1800
1802
1801
1802
3414
3415
1807
1808
1809
1807
1808
1807
1809
3000
1808
1809
3001
1814
1815
1816
1814
1815
1845
1814
1816
1979
3440
1815
1816
1846
1980
3442
3441
1848
1982
1821
1822
1823
3145
1821
1823
1821
1822
1822
1823
3147
3149
1825
1826
3448
1830
1830
1831
1832
1833
1830
1831
1830
1832
1852
1831
1832
1834
1854
1836
1856
1836
1837
3448
1836
1866
1836
1837
1867
3500
1869
1842
1843
1844
3005
1842
1843
3006
3387
1842
1843
1845
1848
1849
3008
1848
1849
1850
3451
1848
1849
1848
1850
3449
1849
1850
3453
3455
3450
3456
1855
1856
1857
1858
1865
1855
1856
3397
1855
1857
1859
1856
1857
1866
1862
3398
1869
1863
1870
1862
1863
1864
1879
1862
1863
1862
1864
1900
3399
1863
1864
1880
3400
1882
1883
1902
1869
1870
1871
1879
1869
1870
1869
1871
3504
1870
1871
1882
1884
3505
1876
1877
1878
1879
1876
1877
3457
1876
1878
3507
1877
1878
1881
3458
3508
1883
3459
1884
3510
1882
1883
1884
1882
1883
1883
1884
3513
1889
1890
1891
1889
1890
3150
1889
1891
1890
1891
1896
1898
3152
1894
3151
1894
1895
1897
1898
3152
1899
1898
3457
1898
1899
2009
2011
1901
1902
2998
2999
1905
3003
3460
1905
1909
1913
1911
3462
1908
1923
3461
1908
1910
1924
2033
1911
1926
3462
1911
3463
1911
2036
1914
3409
1914
3463
3465
1919
1920
1921
1919
1920
3468
1919
1921
3154
1920
1921
3156
3469
3470
3158
1926
1927
1928
1926
1927
3471
1926
1928
2953
1927
1928
2954
3472
3473
2956
1931
1932
1933
1945
1931
1932
3420
1936
3422
1946
1936
1937
3474
1936
1936
1937
3488
3476
3490
1942
1943
1944
1945
1948
1942
1943
3463
1942
1944
3464
1943
1944
1950
1946
3465
1952
1947
1954
1946
1947
3474
3477
1952
1953
1954
3474
1952
1953
1972
1952
1954
2072
1953
1954
1973
2073
3475
1975
3476
2075
3477
1956
1957
3153
3484
1959
3157
3427
1959
1960
3485
1959
1960
1968
3430
3433
1970
3486
1965
1966
1967
3478
3485
1965
1966
1972
1965
1967
2081
3480
1966
1967
1974
2082
3481
1976
3486
2084
3483
1969
1970
3162
3437
3164
3439
3166
3492
1975
1976
1977
3160
1975
1976
3163
1975
1977
3170
1976
1977
3171
3165
3491
3166
3492
1982
1983
1984
1985
3493
1982
1983
1982
1984
3494
1983
1984
1986
1989
1990
3495
1989
1990
1991
3496
1989
1990
1989
1991
3497
1990
1991
3498
3499
1996
1997
1998
1996
1997
3167
1996
1998
3500
1997
1998
3501
3168
3502
3503
2002
2003
2004
2002
2003
3501
2003
2006
3173
3503
2007
2007
3506
2007
2031
3509
2007
3529
3511
2011
2012
2013
2021
2011
2012
2012
2013
2022
3169
2025
2026
2018
2019
2020
2021
3516
2018
2019
2018
2020
2023
2019
2020
3517
2025
2027
3518
2025
2026
2027
2028
2025
2026
2031
2025
2027
2026
2027
2029
2032
2030
2030
3516
2030
2118
2121
3518
3169
3175
2035
2036
2953
2035
2039
2955
2038
2041
2957
2038
2038
2042
2045
2044
2041
2048
2041
2043
2049
2141
2044
2050
2044
2046
2054
2044
2055
2147
2057
2046
2078
2050
2051
2052
2053
2060
2952
2050
2051
2955
2050
2052
2055
2057
2957
2062
2958
2059
2064
2057
2058
2059
2065
2057
2058
2078
2057
2059
2164
2058
2059
2067
2079
2068
2080
2070
2062
2063
2064
2065
3009
2062
2063
3012
3014
2069
3015
2070
2068
2069
2070
2068
2069
3523
2068
2070
3524
2075
2076
2077
2075
2076
2075
2077
3170
2076
2077
3172
3523
3524
2080
2080
3524
2084
2085
2084
3171
2085
3172
2089
2090
2089
2090
2092
2090
3525
3539
2094
3526
2094
2095
2094
2095
2095
3527
3540
3528
2100
2101
2102
2103
2100
2102
2100
2101
3179
3525
2101
2102
2105
3526
2108
3180
2109
2107
2108
2109
2107
2109
2108
2109
2107
2108
2188
3535
3536
2189
2114
2115
2116
2117
2114
2115
3517
3532
2114
2116
2119
2115
2116
2121
3518
3533
2123
2121
2122
2123
2121
2122
2124
2121
2123
2122
2123
2125
2126
2126
3175
2126
2135
2138
3177
2131
2132
2133
2134
2131
2132
3176
2131
2133
2132
2133
2136
2138
3177
2139
2138
2139
2138
3538
2138
2139
2206
2139
2207
2209
2143
2144
2145
2146
2150
2143
2145
2147
2144
2145
2151
2148
2154
2149
2155
2148
2149
2157
2148
2149
2164
2162
2165
2154
2155
2156
2157
2154
2155
2167
2154
2156
3632
2155
2156
2160
2168
3633
2162
2170
2163
3635
2161
2162
2163
2161
2162
2174
2161
2163
2278
2162
2163
2175
2279
2177
2281
2165
2177
2170
2171
2172
2173
2170
2171
2170
2172
2175
2171
2172
2177
2179
2177
2178
2179
2177
2178
2177
2179
2299
2178
2179
2300
2302
2184
2185
2186
3178
3541
2184
2185
3179
3539
2184
2186
2185
2186
3180
3543
2189
2190
3016
3178
2189
2190
3180
3017
2195
2196
2197
3016
3541
2195
2196
2199
2195
2197
3542
2196
2197
2200
3543
2202
3017
2202
2203
2204
2202
2203
2202
2204
2203
2204
3576
3018
2209
2210
2211
3544
2209
2210
2209
2211
3545
2210
2211
3546
3547
2216
2217
2218
3544
3548
2216
2217
2227
2216
2218
3550
2217
2218
2228
2230
3547
3552
2223
2224
2225
2223
2224
2223
2225
2224
2225
2230
2231
2232
2237
3555
2230
2231
2230
2232
2231
2232
2238
2240
3556
2239
2235
2236
2237
2235
2236
2369
3553
3554
2239
2371
2239
2239
2375
3557
2378
2961
3557
2243
3558
2243
2246
2251
2250
3560
2248
2249
2250
2248
2249
2252
2264
2248
2250
2253
2249
2250
2265
3561
2255
2267
3562
2253
2255
2256
3674
2255
2257
2455
2256
2257
2456
3563
3675
3677
2458
2259
2264
2262
2268
2262
3632
2262
2271
2297
3634
2274
3636
2267
2268
2269
2270
2267
2268
3674
2267
2269
3564
3695
2268
2269
2272
3676
3696
2274
3678
2276
3698
2274
2275
2276
2274
2275
3569
3660
2274
2276
2469
3661
2275
2276
2470
3663
2472
2281
2282
2283
2290
3565
3631
2281
2282
2281
2283
2299
3633
2282
2283
2291
2301
3566
3635
2294
3568
2295
2303
3637
2287
2288
2289
2290
3565
3673
2287
2289
2491
3563
3675
2288
2289
2292
2492
3567
3677
2294
3568
2296
2493
3679
2294
2295
2296
3659
2294
2295
2313
2294
2296
2503
2295
2296
2314
2504
3662
2315
3664
2505
3665
3569
2302
2303
2304
2312
2302
2303
2302
2304
2303
2304
2313
2315
2309
2310
2311
2312
2309
2310
3569
3660
2309
2311
2314
3662
2310
2311
2315
3664
2316
2315
2316
2315
2315
2316
3612
2320
2320
2321
2323
2321
2325
2326
3570
2325
2325
2326
2326
3571
3575
3573
2331
2332
2333
2334
2341
2331
2332
2331
2333
2336
3187
2332
2333
2343
3188
2338
3570
2345
2340
2347
3189
2338
2339
2340
2338
2339
3571
3582
2338
2340
2520
3572
2339
2340
2521
3583
3573
3585
2523
2345
2346
2347
2345
2346
3024
2345
2347
3614
2346
2347
3025
3615
3026
3617
2351
2352
2353
3587
2351
2352
3549
2351
2353
3550
3552
3588
2358
2359
2360
3587
2358
2359
2361
2358
2360
2362
2545
2359
2360
2546
2364
3588
2548
3589
2364
2365
3020
2364
2561
2365
2366
2562
3021
2367
3022
2367
2408
2410
2371
2372
2373
2374
2381
2371
2372
3590
2371
2373
2376
2378
2382
3591
2380
2383
2378
2379
2380
2385
2378
2379
2393
2378
2380
2379
2380
2386
2395
3042
2389
2397
2390
2382
2383
2384
2385
3035
3040
2390
2391
3041
2389
2390
2391
2389
2390
3043
2389
2391
2598
2390
2391
2599
2396
2397
2398
2399
2959
2396
2397
2961
3557
2396
2398
2401
2397
2398
2403
2963
2965
2405
2403
2404
2405
3592
2403
2404
2414
3593
2403
2405
2434
2404
2405
2416
2436
3595
2418
3597
2438
2410
2411
2412
3592
2410
2411
3594
2410
2412
2608
2411
2412
2425
2609
3596
2426
3597
2610
2417
2418
2419
2420
2417
2418
2417
2419
2421
2418
2419
2423
2423
2428
2423
2423
2429
2431
2426
2427
2426
2427
2431
2432
2431
2431
2432
2636
2437
2438
2439
2440
2437
2438
2437
2439
2441
2438
2439
2443
2443
2449
2443
3599
2443
2450
3601
2452
3603
2447
2448
2447
3043
2447
2448
2966
2452
2453
2452
2452
2453
2639
2458
2459
2460
2461
2458
2459
2458
2460
3605
3688
2459
2460
2462
3690
2465
2466
3606
3692
2465
2466
2467
3607
2465
2466
2508
2465
2467
2660
3609
2466
2467
2509
2661
3610
2511
2663
3611
2472
2473
2474
2487
3694
2472
2473
2496
3696
2472
2474
2473
2474
2488
2498
3698
2489
2500
3700
2478
2479
2480
2478
2478
2479
2482
2484
2486
2484
2485
2486
2487
3694
2484
2485
2508
3697
2484
2486
2683
2485
2486
2510
2684
3699
2489
2512
3700
2489
2489
2517
2518
2493
2494
2502
2514
3687
2493
2494
3605
3688
2493
2503
2505
3691
2515
3606
3692
2499
2500
2501
2502
2516
3687
2499
2500
3661
3689
2499
2501
2504
3662
2500
2501
2517
2505
3665
3691
2518
3693
2506
2505
2506
2505
2505
2506
3612
2511
2512
2513
2514
2516
3687
2511
2512
3690
2511
2513
2512
2513
2515
3692
2518
3693
2515
2518
2518
2523
2524
2525
2528
3186
3680
2523
2524
3187
2523
2525
3681
2524
2525
2529
3189
3684
2531
3190
2532
3685
2527
2528
2534
3186
2533
2537
2531
2532
2533
3666
2531
2532
2550
2532
2533
2551
2715
3668
2552
3670
2716
3672
2536
2537
3613
3666
2536
2537
2579
2719
3669
2580
3619
3671
2720
3672
2542
2543
2544
2554
2542
2543
3681
2542
2544
2546
2543
2544
2555
3683
2548
2558
3685
2559
2548
2561
2548
2593
2563
2595
2552
2553
2554
2552
2552
2553
2556
2558
2560
2558
2559
2560
2558
2559
2600
3667
2558
2560
2738
3668
2559
2560
2601
2739
3670
2603
2741
2564
3192
2564
2566
3194
2565
2567
3196
2570
2611
2567
2620
2570
2622
2570
2625
2570
2626
2628
2575
2576
2577
2582
2575
2576
3030
3682
2575
2577
3031
2576
2577
2583
3683
3034
2586
3686
2587
2580
2581
2582
2580
2581
2584
2586
2588
2586
2587
2588
2589
2586
2587
2600
3667
2586
2588
2753
3669
2587
2588
2590
2602
2754
3671
2591
2604
2592
2756
2591
2592
2591
2592
2606
2760
2761
2596
2596
2597
2598
3193
2597
3194
2599
3197
2599
3045
2603
2604
2603
2605
2604
2605
2606
2776
2610
2611
2612
2624
3191
2610
2611
3192
2610
2613
2616
3195
2628
3196
2616
2617
2618
3044
2616
2617
2632
2616
2618
3046
3620
2617
2618
2634
3622
3047
3049
2622
2623
2624
3191
2622
3194
2622
2623
2626
2628
3196
2630
2628
2629
2630
2628
2629
2628
2630
2788
2629
2630
2631
2637
2789
2791
2638
2793
2635
2635
2636
2641
2638
2797
2648
3621
2644
2645
2646
2652
3638
2644
2645
2644
2646
3639
2645
2646
3642
2653
3643
2650
2651
3638
2650
2650
2651
3640
3642
3644
2653
2654
2657
2671
2657
2658
3638
2657
2658
2673
2688
3641
2657
2674
2676
3643
2689
3644
2663
2664
2665
2666
2672
2663
2664
3639
2663
2665
2667
2664
2665
2673
3641
2668
2676
3643
2669
2677
2668
2669
2679
2668
2669
2681
2692
2671
2672
2676
2676
2677
2678
2679
2676
2677
2694
2676
2678
2677
2678
2680
2695
2819
2681
2697
2682
2681
2682
2681
2682
2702
2820
2704
2686
3640
2687
2686
2687
2688
3641
2689
3644
2690
2689
2690
2694
2698
2692
2700
2704
2697
2698
2699
2700
2707
2697
2698
2697
2699
2702
2698
2699
2708
2704
2709
2706
2710
2704
2705
2706
2711
2704
2705
2704
2706
2822
2705
2706
2712
2823
2713
2825
2709
2710
2711
2709
2710
2829
2713
2831
2713
2713
2835
2837
2716
2717
2722
3645
2716
2717
3646
3649
2724
3650
2720
2721
2726
3645
2720
2721
3647
3649
2728
3651
2724
2725
2730
2724
2725
2732
2734
2744
2736
2728
2729
2730
2728
2729
2733
2735
2764
2736
2734
2735
2736
3645
2734
2735
2746
2766
3648
2734
2736
2747
2735
2736
2767
2749
3650
2769
3651
2741
2742
2743
2745
2741
2742
3646
2741
2743
2742
2743
2746
3648
2749
3650
2750
2749
2749
2750
2751
2749
2750
2779
2749
2751
2750
2751
2780
2782
2756
2757
2758
2759
2765
2756
2757
3647
2756
2758
2760
2757
2758
2766
3648
2761
2769
3651
2762
2770
2761
2762
2772
2761
2762
2776
2774
2777
2764
2765
2769
2769
2770
2771
2772
2769
2770
2779
2769
2771
2770
2771
2773
2781
2774
2783
2774
2774
2786
2787
2777
2785
2777
2787
2782
2783
2784
2785
2782
2783
2782
2784
2783
2784
2786
2787
2787
2787
2791
2791
2792
2793
2792
2794
2794
2797
2799
2800
2806
2798
2799
2800
2809
2798
2799
2811
2814
2803
2804
2805
2806
2809
2803
2804
2811
2808
2813
2808
2814
2808
2815
2862
2818
2863
2811
2812
2813
2814
2812
2813
2816
2864
2817
2818
2865
2817
2818
2818
2867
2817
2818
2868
2870
2820
2822
2825
2826
2827
2834
2845
2825
2826
2825
2827
2835
2826
2827
2837
2848
2838
2849
2831
2832
2833
2834
2851
2831
2832
2831
2833
2836
2837
2853
2839
2854
2837
2838
2839
2856
2837
2838
2837
2839
2859
2860
2842
2843
2844
2845
2851
2842
2844
2846
2848
2853
2850
2855
2848
2849
2850
2856
2848
2850
2892
2849
2850
2857
2893
2859
2861
2895
2853
2854
2855
2856
2854
2855
2858
2860
2861
2899
2859
2860
2861
2859
2861
2901
2860
2861
2902
2863
2867
2870
2865
2868
2870
2870
2871
2872
2873
2870
2871
2870
2872
3050
2871
2872
2874
2880
3051
2877
2881
2878
3052
2877
2878
2879
2877
2878
2882
2885
2877
2879
2883
2920
2878
2879
2884
2886
2881
2882
2884
2884
2887
2884
2925
2886
2887
3051
3052
2890
2909
2890
2910
2932
2912
2895
2896
2897
2900
2908
2895
2896
2895
2897
2901
2896
2897
2909
2902
2912
2903
2913
2899
2900
2915
2902
2902
2903
2916
2902
2903
2918
2906
2907
2908
2915
2906
2907
2910
2912
2914
2912
2913
2914
2916
2912
2913
2912
2914
2937
2913
2914
2917
2938
2918
2919
2940
2916
2918
2919
2918
2919
2922
2925
2922
2923
2926
2930
2924
2927
2924
2928
2931
2929
2927
2927
2928
2929
2929
2935
2931
2935
2934
2937
2934
2936
2939
2941
2940
2941
2940
2941
2944
2944
2949
2950
2951
2994
3067
2949
2950
2995
3275
2949
2951
2950
2951
3068
3276
2996
2997
3071
3277
3072
2956
2957
2958
3009
2956
2957
2956
2958
3010
3519
2957
2958
3013
3014
3520
2963
2964
2965
3592
2963
2964
2963
2965
2964
2965
3020
3595
3022
3596
3046
3620
2968
2970
2971
2971
2972
2971
2972
2973
2974
2974
2977
2978
2977
2978
2979
2982
3237
2982
3238
2987
2988
2989
2987
2989
2988
2989
3061
2987
2988
2991
3062
2992
3064
2992
2993
2992
2993
3079
3272
3081
2996
2997
3060
3074
2996
2997
3064
3076
2999
3399
3001
3003
3460
3004
3404
3004
3406
3408
3004
3407
3008
3451
3008
3053
3389
3008
3055
3452
3057
3455
3013
3014
3015
3013
3014
3521
3013
3015
3014
3015
3522
3017
3018
3021
3021
3022
3026
3027
3028
3181
3026
3183
3026
3027
3030
3032
3185
3034
3032
3033
3034
3032
3033
3036
3032
3034
3033
3034
3038
3040
3039
3040
3041
3039
3040
3039
3041
3040
3041
3043
3047
3048
3049
3191
3047
3048
3193
3047
3049
3195
3197
3052
3052
3056
3057
3392
3056
3058
3150
3393
3057
3058
3151
3059
3396
3059
3059
3152
3064
3065
3066
3090
3064
3066
3064
3065
3079
3065
3066
3080
3091
3082
3094
3096
3071
3072
3073
3074
3071
3072
3278
3071
3073
3075
3084
3072
3073
3085
3076
3279
3077
3087
3076
3077
3090
3076
3077
3103
3095
3104
3081
3082
3097
3081
3082
3082
3098
3100
3087
3088
3089
3102
3087
3088
3103
3087
3089
3088
3089
3104
3105
3094
3095
3096
3094
3096
3098
3095
3096
3107
3094
3095
3099
3108
3100
3110
3100
3101
3100
3100
3101
3114
3116
3104
3105
3106
3295
3104
3105
3110
3297
3110
3111
3112
3110
3112
3110
3111
3114
3111
3112
3115
3117
3116
3117
3116
3117
3117
3119
3237
3121
3254
3269
3124
3125
3124
3125
3268
3129
3130
3129
3130
3130
3134
3135
3136
3134
3135
3134
3136
3140
3141
3142
3307
3140
3141
3141
3142
3308
3144
3147
3148
3149
3147
3148
3152
3401
3152
3157
3158
3159
3478
3157
3158
3157
3159
3158
3159
3479
3481
3482
3164
3165
3166
3487
3164
3165
3488
3164
3166
3165
3166
3489
3490
3168
3445
3509
3174
3529
3531
3177
3177
3530
3180
3180
3184
3185
3184
3185
3185
3189
3190
3613
3189
3190
3189
3614
3617
3195
3196
3197
3195
3196
3195
3197
3196
3197
3200
3201
3624
3200
3201
3625
3628
3629
3203
3204
3205
3208
3208
3222
3211
3212
3211
3212
3215
3216
3217
3215
3216
3219
3219
3220
3219
3220
3227
3221
3228
3231
3223
3225
3225
3239
3228
3229
3230
3228
3229
3231
3231
3232
3234
3235
3234
3235
3251
3252
3238
3238
3242
3243
3242
3259
3245
3245
3262
3248
3249
3250
3248
3249
3252
3252
3253
3252
3253
3256
3255
3258
3258
3271
3261
3261
3263
3264
3264
3265
3267
3267
3267
3275
3269
3273
3285
3272
3292
3276
3277
3277
3278
3279
3279
3282
3283
3282
3283
3286
3287
3286
3292
3289
3294
3289
3290
3289
3290
3293
3294
3293
3294
3297
3298
3297
3298
3308
3301
3317
3303
3305
3306
3332
3308
3309
3310
3336
3314
3315
3316
3314
3315
3315
3317
3317
3318
3319
3340
3322
3322
3323
3326
3325
3325
3327
3325
3345
3327
3330
3330
3353
3332
3333
3334
3362
3336
3337
3338
3367
3340
3341
3342
3370
3344
3345
3347
3349
3347
3347
3350
3352
3349
3351
3403
3352
3352
3352
3405
3355
3355
3358
3364
3360
3357
3359
3411
3360
3360
3360
3413
3362
3363
3367
3368
3367
3368
3370
3374
3375
3374
3374
3375
3379
3380
3379
3379
3380
3384
3384
3385
3385
3388
3388
3389
3392
3394
3395
3396
3394
3395
3394
3396
3395
3396
3401
3402
3398
3400
3400
3402
3404
3405
3407
3407
3407
3410
3410
3412
3413
3415
3415
3415
3416
3418
3418
3418
3468
3421
3422
3423
3421
3422
3426
3427
3428
3426
3427
3433
3432
3433
3434
3432
3434
3436
3432
3433
3437
3433
3434
3438
3438
3439
3438
3438
3439
3441
3449
3494
3446
3447
3448
3446
3446
3447
3450
3455
3456
3455
3455
3456
3456
3459
3459
3462
3462
3465
3465
3467
3468
3470
3473
3470
3470
3473
3473
3519
3476
3477
3476
3477
3491
3481
3482
3483
3484
3481
3482
3481
3483
3485
3486
3492
3489
3490
3489
3490
3491
3495
3495
3498
3499
3498
3499
3504
3502
3503
3505
3513
3510
3511
3512
3510
3511
3510
3512
3511
3512
3513
3515
3518
3518
3520
3521
3522
3522
3524
3526
3528
3531
3531
3533
3536
3537
3536
3537
3543
3543
3546
3547
3546
3547
3556
3551
3552
3551
3552
3552
3554
3590
3556
3560
3560
3562
3562
3564
3600
3602
3605
3566
3567
3568
3573
3573
3573
3577
3578
3580
3580
3580
3584
3585
3586
3587
3584
3585
3585
3586
3589
3588
3589
3591
3595
3596
3597
3595
3597
3596
3597
3602
3603
3604
3602
3603
3602
3604
3603
3604
3606
3610
3611
3610
3610
3611
3617
3618
3619
3680
3617
3618
3617
3619
3682
3618
3619
3684
3686
3623
3623
3628
3629
3630
3628
3629
3628
3630
3653
3629
3630
3654
3656
3635
3636
3637
3659
3635
3636
3635
3637
3636
3637
3660
3663
3664
3642
3643
3644
3642
3643
3642
3644
3643
3644
3649
3650
3651
3649
3650
3668
3649
3651
3669
3650
3651
3672
3656
3657
3658
3656
3657
3656
3658
3657
3658
3663
3664
3665
3673
3663
3664
3663
3665
3676
3664
3665
3678
3679
3670
3671
3672
3680
3670
3671
3683
3670
3672
3671
3672
3685
3686
3677
3678
3679
3677
3678
3677
3679
3688
3678
3679
3689
3691
3684
3685
3686
3684
3685
3684
3686
3685
3686
3691
3692
3693
3691
3692
3691
3693
3696
3692
3693
3697
3700
3698
3699
3700
3698
3699
3698
3700
3699
3700
)


// ************************************************************************* //
